1,4
1,3
1,2
1,1
1,0
0,543
0,542
0,541
0,540
0,539
0,538
0,537
0,536
0,535
0,534
0,533
0,532
0,531
0,530
0,529
0,528
0,527
0,526
0,525
0,524
0,523
0,522
0,521
0,520
0,519
0,518
0,517
0,516
0,515
0,514
0,513
0,512
0,505
0,499
0,497
0,495
0,458
0,452
0,451
0,450
0,449
0,448
0,447
0,446
0,445
0,442
0,441
0,440
0,439
0,438
0,437
0,436
0,435
0,434
0,433
0,432
0,431
0,430
0,429
0,428
0,427
0,426
0,425
0,424
0,423
0,422
0,421
0,420
0,419
0,418
0,417
0,415
0,411
0,410
0,408
0,407
0,406
0,405
0,404
0,403
0,401
0,400
0,399
0,398
0,322
0,319
0,318
0,316
0,315
0,314
0,313
0,311
0,309
0,306
0,301
0,243
0,9
0,310
0,305
0,496
0,444
0,413
0,502
0,503
0,504
0,308
0,304
0,303
0,302
0,307
0,409
0,12
0,402
0,10
0,412
0,8
0,0
0,379
0,300
0,371
0,299
0,384
0,298
0,297
0,376
0,296
0,353
0,295
0,363
0,294
0,293
0,471
0,292
0,378
0,291
0,395
0,290
0,375
0,289
0,453
0,288
0,465
0,287
0,320
0,286
0,392
0,285
0,461
0,284
0,467
0,283
0,475
0,282
0,329
0,281
0,328
0,280
0,456
0,279
0,460
0,278
0,389
0,277
0,501
0,276
0,360
0,275
0,359
1,5
2,0
2,2
2,3
2,5
2,6
2,8
2,10
2,11
2,13
2,14
3,0
3,2
3,3
3,5
3,6
4,1
4,2
5,0
5,2
5,3
6,0
6,1
6,3
7,1
7,2
8,0
8,1
8,3
9,0
9,2
10,0
10,1
10,3
11,0
11,2
12,0
12,1
12,3
13,0
13,2
13,3
14,0
14,3
14,4
15,1
15,2
16,0
16,2
16,3
17,1
17,2
18,0
18,2
18,3
19,1
19,2
20,0
20,1
20,3
21,1
21,2
22,0
22,1
22,3
23,0
23,1
24,0
24,1
24,3
25,0
25,3
26,1
26,2
27,0
27,1
27,3
27,5
27,6
28,1
28,2
29,0
29,1
29,3
30,1
30,2
31,0
31,1
31,3
32,1
32,2
33,0
33,1
33,3
34,1
34,2
35,0
35,1
35,3
36,0
36,2
37,0
37,1
37,3
38,0
38,2
38,4
39,0
39,3
40,0
40,2
40,3
41,1
42,0
42,1
42,3
43,0
43,3
44,0
44,1
44,3
44,4
45,1
45,2
46,0
46,2
46,3
47,1
47,3
48,0
48,2
48,3
48,5
49,0
49,3
50,0
50,2
51,1
51,2
51,4
51,5
52,1
52,3
52,4
53,1
53,3
54,1
54,3
55,0
55,3
55,4
56,1
56,3
57,0
57,2
57,3
58,1
58,2
58,4
59,1
59,3
60,0
60,1
60,3
61,0
61,2
62,0
62,1
62,3
63,0
63,2
63,4
64,0
64,2
64,3
65,1
65,2
66,0
66,3
67,0
67,2
67,3
68,1
68,4
68,5
69,1
69,2
69,4
69,6
69,7
70,1
70,2
70,4
71,0
71,3
72,1
72,2
72,4
73,0
73,2
74,0
74,1
74,3
75,0
75,2
75,3
76,1
77,0
77,1
77,3
78,0
78,3
79,1
79,2
79,4
80,0
80,2
80,3
81,0
81,2
81,3
82,1
82,2
83,0
83,3
84,0
84,2
84,3
85,1
85,3
85,5
86,0
86,1
86,3
86,4
87,0
87,2
87,3
88,0
88,1
88,3
89,1
89,2
89,4
89,5
90,1
90,3
91,0
91,2
91,3
92,2
92,3
92,5
93,1
93,2
94,0
94,1
94,4
94,6
95,2
95,4
96,0
96,2
96,3
96,5
97,1
97,3
98,0
98,1
98,3
98,4
99,1
99,3
100,1
101,0
101,1
101,3
102,1
102,3
103,2
103,3
104,1
104,3
105,1
105,3
105,4
106,1
106,2
106,4
107,0
107,1
107,3
107,4
108,2
108,4
108,5
109,1
109,2
110,1
110,2
111,0
111,2
111,3
112,1
112,3
113,1
113,3
114,1
115,0
115,1
115,3
116,1
117,0
117,2
117,3
119,1
119,3
119,6
119,9
119,11
119,14
119,15
119,19
119,22
119,23
119,27
119,28
119,31
119,33
119,64
119,67
119,69
119,72
119,74
120,0
120,3
121,0
121,2
121,3
122,1
122,3
123,2
124,1
124,3
125,1
125,2
125,5
125,8
125,10
126,0
126,1
126,3
127,0
127,2
128,0
128,2
129,1
129,3
130,0
130,3
130,4
131,1
131,2
131,4
131,5
131,7
131,9
131,10
131,12
131,13
131,15
131,17
131,18
131,20
131,21
131,23
131,25
131,26
131,28
131,29
131,31
131,32
131,34
131,64
131,65
131,67
131,68
131,70
131,72
131,73
131,75
131,76
131,78
131,79
131,81
131,83
131,84
131,86
131,87
131,89
131,91
131,92
131,94
131,95
131,97
131,98
131,100
131,102
131,103
131,105
131,106
132,0
133,1
133,3
135,0
136,0
138,0
138,3
138,4
139,0
140,0
140,3
141,1
142,0
142,3
143,1
144,0
144,1
145,1
146,0
146,1
147,0
147,1
148,0
148,1
148,3
149,3
188,0
188,2
188,3
345,0
347,0
348,0
350,0
351,0
353,0
354,0
356,0
358,0
359,0
361,0
362,0
364,0
366,0
367,0
369,0
370,0
372,0
373,0
375,0
377,0
378,0
380,0
381,0
383,0
385,0
386,0
388,0
389,0
391,0
393,0
394,0
396,0
397,0
399,0
400,0
402,0
404,0
405,0
407,0
408,0
410,0
412,0
413,0
415,0
416,0
418,0
419,0
421,0
423,0
424,0
426,0
427,0
429,0
431,0
432,0
434,0
435,0
437,0
438,0
440,0
442,0
443,0
445,0
446,0
448,0
450,0
451,0
453,0
454,0
456,0
458,0
459,0
461,0
462,0
464,0
465,0
467,0
469,0
470,0
472,0
473,0
475,0
477,0
478,0
480,0
481,0
483,0
484,0
486,0
488,0
489,0
491,0
492,0
494,0
496,0
497,0
105,0
92,0
498,0
495,0
493,0
490,0
487,0
485,0
482,0
479,0
476,0
474,0
471,0
468,0
466,0
463,0
460,0
457,0
455,0
452,0
449,0
447,0
444,0
441,0
439,0
436,0
433,0
430,0
428,0
425,0
422,0
420,0
417,0
414,0
411,0
409,0
406,0
403,0
401,0
398,0
395,0
392,0
390,0
387,0
384,0
382,0
379,0
376,0
374,0
371,0
368,0
365,0
363,0
360,0
357,0
355,0
352,0
349,0
346,0
344,0
188,1
149,1
148,2
147,3
146,3
145,3
144,3
143,3
142,1
141,3
140,1
138,5
138,1
137,0
134,0
133,0
131,107
131,104
131,101
131,99
131,96
131,93
131,90
131,88
131,85
131,82
131,80
131,77
131,74
131,71
131,69
131,66
131,35
131,33
131,30
131,27
131,24
131,22
131,19
131,16
131,14
131,11
131,8
131,6
131,3
131,0
130,1
129,4
129,0
127,4
127,1
126,2
125,11
125,7
125,3
125,0
124,0
123,0
122,0
121,1
120,1
119,75
119,70
119,66
119,34
119,30
119,25
119,20
119,17
119,12
119,7
119,4
119,0
117,1
116,3
115,2
114,3
113,2
113,0
112,0
111,1
110,3
109,3
109,0
108,3
108,1
107,2
106,5
106,3
106,0
105,2
104,2
104,0
103,1
102,0
101,2
100,3
99,2
99,0
98,2
97,4
96,6
96,4
96,1
95,3
95,1
94,3
93,3
93,0
92,4
92,1
91,1
90,4
90,0
89,3
88,4
88,2
87,4
87,1
86,5
86,2
85,6
85,4
85,0
84,1
83,1
82,3
82,0
81,1
80,4
80,1
79,3
79,0
78,1
77,2
76,3
76,0
75,1
74,2
73,3
73,1
72,3
72,0
71,1
70,3
70,0
69,5
69,3
69,0
68,3
68,0
67,1
66,1
65,3
65,0
64,1
63,3
63,1
62,2
61,3
61,1
60,2
59,4
59,0
58,3
58,0
57,1
56,4
56,0
55,1
54,2
54,0
53,0
52,2
52,0
51,3
51,0
50,1
49,1
48,4
48,1
47,4
47,0
46,1
45,3
45,0
44,2
43,4
43,1
42,2
41,3
41,0
40,1
39,1
38,3
38,1
37,2
36,3
36,1
35,2
34,3
34,0
33,2
32,3
32,0
31,2
30,3
30,0
29,2
28,3
28,0
27,4
27,2
26,3
26,0
25,1
24,2
23,3
22,4
22,2
21,3
21,0
20,2
19,3
19,0
18,1
17,3
17,0
16,1
15,3
15,0
14,1
13,4
13,1
12,2
11,3
11,1
10,2
9,3
9,1
8,2
7,3
7,0
6,2
5,4
5,1
4,3
4,0
3,4
3,1
2,17
2,12
2,9
2,7
